4641668
3287145
2480025
4060314
2656175
748435
3638989
1575147
174608
4305812
1585352
1066452
1912249
2255457
2646422
2225980
4170926
2410339
3371366
2104954
3092301
1088244
2186897
2770047
3783282
1627435
1934387
692807
4518624
205946
736147
3286174
3437330
811210
774353
3491004
2448768
3118024
1167285
1514722
861398
2781786
2391907
4231751
2686479
4430552
1039659
353793
4623939
1233913
811782
1854956
3980940
4125956
4276626
2217491
954630
1808011
972438
2061429
2846493
3136666
3331275
985650
3328116
4030459
2805250
3727845
2822551
2072323
424310
1689924
4076807
4478858
2785683
3406205
375334
4243859
4137494
4198194
1876646
1974570
4378114
4473323
3600485
3288635
697519
341877
2554424
2208444
4145305
3376502
2586050
3037710
3246189
2877027
4621736
4195114
776242
3723492
2955681
408019
4059606
3615862
4467258
3861697
159683
2035583
3141440
4449627
2046570
652693
1415129
453214
1171250
1668575
2086318
1040423
3083271
700839
1196651
10994
246982
3889732
1366160
3657087
400895
2423189
2726361
1138016
922420
2821049
1378430
26932
537278
2367911
2330218
430576
4281490
3324939
999704
2940334
2358511
4094101
3740632
1460576
4620295
3523141
3838621
3762804
2510283
4022183
3347563
586225
2917267
4493867
2310982
1054759
4339724
967878
4555481
1376863
2842886
2775351
3552991
1304254
4473798
698072
3999595
403186
780695
4457545
1995386
3289645
1653041
2230214
428554
1005664
36103
1421129
3391998
3604420
1693620
1941976
4317034
4394433
730216
1921772
790459
962167
3399171
3285446
537097
197727
2778014
317867
1208930
1156055
2956246
2709976
4290411
3407805
263159
3587859
3355584
3162460
4197146
3761862
310794
2981420
333003
610529
3708487
2977290
3727288
3022808
3817835
490427
1347335
4057925
1283065
4356970
287337
3951814
4327384
4357883
3665662
66844
1714823
3981022
4406246
3087576
2955115
1528714
1188052
2314634
3604967
740489
888447
3976902
3221464
37624
352914
2915363
3407233
343592
205822
3046872
1646187
3869227
4055042
569280
273946
1644412
1306544
3764166
1695192
2695012
1476292
1204305
175
1220673
502594
2697176
4609082
1073198
221550
3495354
1480744
2364795
1416583
3272646
4404392
1801668
946179
3363408
1202362
1837852
609042
1778136
1370168
3379094
3394666
315889
2674222
3064999
1437872
1894342
4370036
4152665
4161788
174725
2309047
2368033
428080
254168
848903
3706872
2152098
1761010
3650603
3458471
1172650
179142
1729348
1636541
2783284
1600641
3222709
2677776
4643253
2787495
2738546
510814
4415391
3159015
4482337
3667379
649645
2485909
1747127
1468403
4406066
2963838
4025533
2744337
4073693
331687
1825760
4122718
1447372
4411625
465478
3553156
4457238
4492644
938197
498465
1432415
4139645
4558529
2554648
3137208
628853
2574453
3308689
3102158
930583
944976
3249563
3527037
2881586
908087
3401506
3012448
534956
219112
2090771
1467899
2093587
370649
616129
55555
1859609
1206864
2674858
1015892
3693982
1504618
681044
4531809
1457582
335841
1357575
3340962
3537733
4444632
2545347
1474304
2621235
1124423
1830321
2548706
723682
1034139
2558291
1269651
1832377
145636
389397
10168
610354
3685897
4349121
2660617
2841641
825942
713903
3145805
3979588
3935899
4337235
2042521
2023352
4362946
3836433
3055789
4497508
1184314
1446385
3156229
3002416
167508
3931723
3871502
1155751
1399245
1426054
2588572
2088120
3563451
2004244
2345686
4361365
3278906
2818808
3632391
2895654
3875865
1160056
879291
1168600
3505613
2288007
2912156
2030265
2518205
2989483
4111295
3900870
767852
3483381
3901704
2794286
2714146
1909033
1590527
4221656
889086
2980745
3157658
1783741
1153218
3587977
2662557
1616119
2606958
4140277
4088327
2494500
1173810
116905
482258
1914889
2213632
3558024
3247517
1153715
4041335
3496155
3894054
3933175
3525486
4640503
4117003
1451030
3995878
1994152
915140
4289289
3082751
3919239
3181725
43956
1717128
333224
3909223
1625896
4388718
395049
3968264
162843
461288
1519825
4314034
1700923
3853056
4268168
2984092
3152252
1992801
4486057
1843529
3197225
409758
541734
3618566
3269362
395963
3941026
2289380
2847035
4455167
4397960
2482839
1409154
4643540
2916161
4399176
4137769
945822
647464
3098374
1255655
4618239
170965
193033
3827771
332848
4357257
1900952
4020305
3898097
3645812
2309242
409178
1389726
471334
2465025
3700668
85529
4205561
2150521
27500
680752
4178570
744851
756820
790592
1880226
3659592
1316954
1690527
189736
775683
3668357
1145846
2418963
3381212
756076
867120
3756681
3569764
107542
1492914
55510
114784
1942362
1843871
4349942
3366863
1390153
3725647
617823
4430045
1322860
881713
3153288
1323361
3618161
3052794
2640115
1165156
2492250
1703839
3611125
1015760
1894472
3858045
2533550
740314
1784684
709425
2368392
3483953
1224867
1636372
4034308
2100871
2789210
1427615
2781686
2624668
1735845
2341799
3774890
1618702
1975660
294449
1115011
3522046
4369745
119389
611872
2844724
2958938
904095
936945
1437803
2148888
838646
358092
2344471
2038124
4329983
3562324
818115
1659322
2838380
1791264
3447373
2908506
232350
3142339
4043216
3356751
2686717
1481941
2791168
1901932
3578624
900178
3746151
1296625
4289649
2818379
3861366
2660442
3961709
354497
3332918
2052223
4144901
2415076
3103458
1622124
2550783
2616098
4621831
4588004
1046191
3730502
4078879
2198106
2902893
481680
133376
744367
840005
3191002
3213240
978284
1174013
993778
4538477
2923821
2311065
4353831
4134796
1459034
728427
1884713
2584883
2847425
2036013
3828681
3162068
226156
3107277
2367580
606414
4519987
3476914
248424
3912281
575834
2514490
2159107
1585762
4400316
3137607
4200372
2845674
3831355
80077
2687945
4217807
1322326
4508586
578923
3479949
4172329
3961610
1244605
550291
1232118
4007728
4385192
2229687
2647099
198299
2379360
2866954
2769751
619468
630365
2813816
2830377
2145497
660514
2821529
2568428
101226
4322988
1560861
806458
1046328
4404880
4578315
4061026
1235417
503905
1846038
184104
2034756
888405
4525977
3734505
606817
4057256
466115
2300425
1704522
3625921
1643325
571022
1608143
96596
760654
1447415
175878
98693
1520842
185638
806498
3613879
3952825
3500248
4394151
2675960
3136571
1486221
1687254
4132430
4105775
1522118
2936682
2801034
3057358
862235
809828
2844360
2526166
1440423
3273993
4542966
4571962
1904275
1674191
3279181
2607681
1696867
4496539
4635274
4321736
1160228
758635
1889507
63244
4324322
2874427
1721382
1150313
2172052
1429976
2161482
3814739
2323327
4073932
1713080
792313
1332254
292967
648167
1131534
2974258
2330475
3449383
1934184
2293650
857569
744994
28528
100519
2597376
3353273
1249529
1435175
4236607
3825820
1118160
704198
4455022
406618
2313319
2281871
4619168
3861788
2450979
3351512
4564224
198377
1679614
1320731
3210794
2145459
516850
1774583
1735326
1717850
2700654
2129546
3517606
1648298
3348461
3161865
1803313
1062633
1896960
1117977
2003773
3530000
4549106
1564712
3581598
2249559
2882412
1863305
2147497
2437762
4185291
2268987
3637041
1655530
1966329
808990
583239
4105432
2342223
4256041
652240
2747481
2882412
1377939
599477
2349185
1429937
4438843
634722
2075115
2014206
4603117
3520276
1667296
561280
1669466
1872079
3145817
2811244
328594
3470977
888794
2068789
1773932
1386337
2420716
1779450
3462903
1536491
4488783
587992
3615834
2621648
3377752
2563181
3551318
359250
3157414
1834383
3781228
2004834
2612716
1532924
1997041
1978805
2698434
3838758
921739
3124943
3463257
2242414
1993305
591381
2875836
4134812
786845
2551138
2580458
1049337
201706
1624699
3669323
1473342
2082443
3588559
3447896
1678185
166491
2471632
638216
1691933
1582237
2853218
2436329
261120
2943672
3890628
4027795
3662962
2843787
3892943
3283290
439402
2757157
246669
909371
3758048
2338205
3100001
2170857
3409352
6571
3171357
3352298
1021038
3434635
4030159
2896218
3432503
3259632
3841050
3771046
857315
2893725
3204450
1818603
1718218
4564037
607472
1154354
2223258
3970699
4037839
2397016
1623098
2708410
3769746
1460929
1833814
3339677
3136866
1227755
4424092
1426712
2565401
3480658
3068044
4374155
3901391
1786714
4208134
3952668
4251051
3676853
2579206
3667613
2932834
276457
2161560
4249710
2760550
1006668
3786375
4569995
3582671
